  9.99999970E-06   6.53764401E-03
  1.09647820E-05   7.16838059E-03
  1.20226440E-05   7.85996822E-03
  1.31825670E-05   8.61827743E-03
  1.44543970E-05   9.44974519E-03
  1.58489320E-05   1.03614286E-02
  1.73780080E-05   1.13610663E-02
  1.90546070E-05   1.24571427E-02
  2.08929610E-05   1.36589606E-02
  2.29086760E-05   1.49767198E-02
  2.51188640E-05   1.64216036E-02
  2.75422860E-05   1.80058735E-02
  3.01995160E-05   1.97429743E-02
  3.31131110E-05   2.16476416E-02
  3.63078050E-05   2.37360385E-02
  3.98107160E-05   2.60258775E-02
  4.36515820E-05   2.85365848E-02
  4.78630080E-05   3.12894482E-02
  5.24807450E-05   3.43078101E-02
  5.75439920E-05   3.76172567E-02
  6.30957330E-05   4.12458327E-02
  6.91830960E-05   4.52242747E-02
  7.58577560E-05   4.95862749E-02
  8.31763750E-05   5.43687486E-02
  9.12010820E-05   5.96121519E-02
  9.99999980E-05   6.53608033E-02
  1.09647820E-04   7.16632559E-02
  1.20226440E-04   7.85726850E-02
  1.31825670E-04   8.61473199E-02
  1.44543970E-04   9.44509019E-02
  1.58489320E-04   1.03553195E-01
  1.73780080E-04   1.13530521E-01
  1.90546070E-04   1.24466340E-01
  2.08929610E-04   1.36451877E-01
  2.29086760E-04   1.49586787E-01
  2.51188640E-04   1.63979853E-01
  2.75422860E-04   1.79749740E-01
  3.01995170E-04   1.97025737E-01
  3.31131110E-04   2.15948626E-01
  3.63078050E-04   2.36671415E-01
  3.98107160E-04   2.59360183E-01
  4.36515820E-04   2.84194965E-01
  4.78630080E-04   3.11370388E-01
  5.24807450E-04   3.41096401E-01
  5.75439930E-04   3.73598934E-01
  6.30957330E-04   4.09120205E-01
  6.91830960E-04   4.47919005E-01
  7.58577560E-04   4.90270601E-01
  8.31763760E-04   5.36466226E-01
  9.12010820E-04   5.86812227E-01
  9.99999980E-04   6.41628503E-01
  1.09647820E-03   7.01246332E-01
  1.20226440E-03   7.66005229E-01
  1.31825670E-03   8.36248989E-01
  1.44543970E-03   9.12320364E-01
  1.58489320E-03   9.94554577E-01
  1.73780080E-03   1.08327132E+00
  1.90546070E-03   1.17876519E+00
  2.08929610E-03   1.28129426E+00
  2.29086760E-03   1.39106714E+00
  2.51188640E-03   1.50822785E+00
  2.75422870E-03   1.63283933E+00
  3.01995170E-03   1.76486496E+00
  3.31131120E-03   1.90414901E+00
  3.63078050E-03   2.05039531E+00
  3.98107160E-03   2.20314611E+00
  4.36515820E-03   2.36175946E+00
  4.78630080E-03   2.52538740E+00
  5.24807450E-03   2.69295395E+00
  5.75439930E-03   2.86313313E+00
  6.30957330E-03   3.03432666E+00
  6.91830960E-03   3.20463915E+00
  7.58577560E-03   3.37184888E+00
  8.31763760E-03   3.53337040E+00
  9.12010820E-03   3.68620551E+00
  9.99999980E-03   3.82687942E+00
  1.09647820E-02   3.95137369E+00
  1.20226440E-02   4.05507680E+00
  1.31825670E-02   4.13282110E+00
  1.44543970E-02   4.17911558E+00
  1.58489320E-02   4.18872336E+00
  1.73780080E-02   4.15767727E+00
  1.90546070E-02   4.08459368E+00
  2.08929610E-02   3.97175889E+00
  2.29086760E-02   3.82523801E+00
  2.51188640E-02   3.65362154E+00
  2.75422870E-02   3.46590594E+00
  3.01995170E-02   3.26960643E+00
  3.31131120E-02   3.06991228E+00
  3.63078050E-02   2.86988589E+00
  3.98107170E-02   2.67118738E+00
  4.36515830E-02   2.47481360E+00
  4.78630090E-02   2.28160161E+00
  5.24807450E-02   2.09247193E+00
  5.75439930E-02   1.90848373E+00
  6.30957340E-02   1.73078830E+00
  6.91830960E-02   1.56054244E+00
  7.58577570E-02   1.39882036E+00
  8.31763760E-02   1.24654151E+00
  9.12010830E-02   1.10442133E+00
  9.99999990E-02   9.72944900E-01
  1.09647820E-01   8.52360837E-01
  1.20226440E-01   7.42691339E-01
  1.31825670E-01   6.43753949E-01
  1.44543980E-01   5.55190921E-01
  1.58489320E-01   4.76502752E-01
  1.73780080E-01   4.07082656E-01
  1.90546070E-01   3.46250126E-01
  2.08929610E-01   2.93281394E-01
  2.29086760E-01   2.47436278E-01
  2.51188640E-01   2.07980346E-01
  2.75422870E-01   1.74202726E-01
  3.01995170E-01   1.45429268E-01
  3.31131120E-01   1.21031837E-01
  3.63078050E-01   1.00433974E-01
  3.98107170E-01   8.31136278E-02
  4.36515830E-01   6.86035377E-02
  4.78630090E-01   5.64898195E-02
  5.24807450E-01   4.64092434E-02
  5.75439930E-01   3.80456716E-02
  6.30957340E-01   3.11259847E-02
  6.91830960E-01   2.54157915E-02
  7.58577570E-01   2.07151386E-02
  8.31763760E-01   1.68543706E-02
  9.12010830E-01   1.36902239E-02
  9.99999990E-01   1.11022598E-02
  1.09647820E+00   8.98962372E-03
  1.20226440E+00   7.26816603E-03
  1.31825670E+00   5.86790482E-03
  1.44543980E+00   4.73081583E-03
  1.58489320E+00   3.80892214E-03
  1.73780080E+00   3.06265676E-03
  1.90546070E+00   2.45946602E-03
  2.08929610E+00   1.97262642E-03
  2.29086760E+00   1.58024734E-03
  2.51188640E+00   1.26443240E-03
  2.75422870E+00   1.01057895E-03
  3.01995170E+00   8.06793450E-04
  3.31131120E+00   6.43406053E-04
  3.63078050E+00   5.12568019E-04
  3.98107170E+00   4.07919233E-04
  4.36515830E+00   3.24313986E-04
  4.78630090E+00   2.57595549E-04
  5.24807460E+00   2.04411050E-04
  5.75439930E+00   1.62059911E-04
  6.30957340E+00   1.28370080E-04
  6.91830970E+00   1.01596909E-04
  7.58577570E+00   8.03409398E-05
  8.31763770E+00   6.34810436E-05
  9.12010830E+00   5.01201890E-05
  9.99999990E+00   3.95415149E-05
  1.09647820E+01   3.11728170E-05
  1.20226440E+01   2.45578796E-05
  1.31825670E+01   1.93333608E-05
  1.44543980E+01   1.52101974E-05
  1.58489320E+01   1.19586562E-05
  1.73780080E+01   9.39633906E-06
  1.90546070E+01   7.37856979E-06
  2.08929610E+01   5.79070015E-06
  2.29086760E+01   4.54195864E-06
  2.51188640E+01   3.56054194E-06
  2.75422870E+01   2.78969775E-06
  3.01995170E+01   2.18460713E-06
  3.31131120E+01   1.70990313E-06
  3.63078050E+01   1.33769815E-06
  3.98107170E+01   1.04601880E-06
  4.36515830E+01   8.17563767E-07
  4.78630090E+01   6.38719802E-07
  5.24807460E+01   4.98782598E-07
  5.75439940E+01   3.89340639E-07
  6.30957340E+01   3.03788196E-07
  6.91830970E+01   2.36940746E-07
  7.58577570E+01   1.84731533E-07
  8.31763770E+01   1.43972433E-07
  9.12010840E+01   1.12165455E-07
  1.00000000E+02   8.73543621E-08
  1.09647820E+02   6.80079787E-08
  1.20226440E+02   5.29284110E-08
  1.31825670E+02   4.11789577E-08
  1.44543980E+02   3.20274983E-08
  1.58489320E+02   2.49020637E-08
  1.73780080E+02   1.93560039E-08
  1.90546070E+02   1.50406755E-08
  2.08929610E+02   1.16840510E-08
  2.29086760E+02   9.07396325E-09
  2.51188640E+02   7.04499968E-09
  2.75422870E+02   5.46824712E-09
  3.01995170E+02   4.24327542E-09
  3.31131120E+02   3.29187125E-09
  3.63078050E+02   2.55314550E-09
  3.98107170E+02   1.97971089E-09
  4.36515830E+02   1.53470149E-09
  4.78630090E+02   1.18944460E-09
  5.24807460E+02   9.21647644E-10
  5.75439940E+02   7.13983443E-10
  6.30957340E+02   5.52988330E-10
  6.91830970E+02   4.28203685E-10
  7.58577570E+02   3.31507511E-10
  8.31763770E+02   2.56594156E-10
